x = [1, 2, 3];
y = [1, 2, 3; 4, 5, 6];

x(2)
x(1 : 2)

y(2, 3)
y(1, 2 : 3)
y(2, :)